
state={
	id=1
	name="STATE_1"
	history={
		owner = GRN
		add_core_of = GRN
	}

	provinces={
		38 69 81 87 111 125 147 166 216 222 232 249 263 362 368 404 405 500 518 536 540 571 613 754 790 801 809 904 916 939 946 949 973 985 1041 1090 1101 1184 1204 1314 1340 1608 1654 1690 1717 1825 1863 1864 1911 1966 2054 2194 2249 2330 2336 2355 2450 2451 2519 2563 2618 2634 2708 2710 2736 2738 2800 2867 3025 3214 3253 3353 3418 3646 3667 3730 3783 3793 3920 4100 4328 4388 4394 4417 4518 4527 4542 4551 4608 4925 5400 5508 5529 5661 5664 5734 5740 5833 5930 5974 5975 5976 5977 5978 5979 5980 5982 5983 5985 5988 5989 5990 5994 6000 6005 6008 6010 6013 6018 6020 6025 6028 6031 6040 6048 6054 6055 6061 6062 6066 6067 6080 6090 9497 9499 9501 9504 9505 9508 9512 9520 9530 9531 14630 14632 14640 
	}
	manpower=1
	state_category=town
	buildings_max_level_factor=1.000
}
