state={
	id=10
	name="STATE_10"
	history={
		owner = HON
		add_core_of = HON
	}

	provinces={
		144 212 238 323 444 460 543 740 886 1295 1634 1837 1952 2214 2573 3364 3464 3511 3731 3859 3952 4060 4112 4336 4374 4386 4533 4611 4797 4805 4856 4969 5245 5566 5612 5704 5773 5775 5817 5918 9001 9017 9034 9048 9065 9082 9083 9092 9100 9102 9108 9109 9110 9115 9123 9130 9136 9138 9154 9161 9169 9170 9171 9177 9181 9184 9185 9194 9196 9198 9201 9206 9213 9234 9251 9252 
	}
	manpower=1
	state_category=town
	buildings_max_level_factor=1.000
}
