
state={
	id=11
	name="STATE_11"
	history={
		owner = COL
		add_core_of = COL
	}

	provinces={
		18 51 78 113 151 182 242 341 371 469 516 525 531 534 538 625 637 712 778 797 800 836 842 892 953 974 982 1015 1039 1049 1107 1127 1150 1169 1218 1262 1330 1333 1397 1416 1425 1463 1464 1486 1491 1494 1546 1553 1598 1683 1775 1780 1798 1823 1842 1855 1982 2008 2013 2050 2131 2136 2225 2239 2281 2324 2331 2332 2399 2482 2491 2495 2509 2557 2622 2635 2643 2677 2689 2789 2792 2795 2808 2928 2942 2948 2953 3001 3030 3067 3073 3110 3161 3167 3190 3206 3226 3233 3303 3333 3344 3362 3460 3461 3486 3528 3566 3587 3627 3697 3725 3734 3743 3770 3796 3827 3857 3904 3943 3950 3953 4015 4028 4042 4085 4168 4257 4259 4333 4350 4360 4385 4414 4416 4442 4506 4522 4536 4658 4682 4712 4716 4723 4758 4798 4810 4823 4859 4874 4915 4942 5033 5038 5058 5109 5115 5130 5131 5133 5138 5171 5181 5194 5218 5260 5267 5301 5320 5336 5342 5354 5367 5416 5438 5485 5543 5602 5659 5673 5698 5701 5726 5760 5774 5865 5884 5924 5940 8946 8967 8990 9058 9084 9133 9142 9155 9158 9162 9172 9191 9192 9203 9208 9209 9211 9214 9221 9227 9235 9242 9246 9247 9255 9259 9264 9267 9270 9282 9283 9285 9287 9291 9294 9300 9301 9303 9306 9308 9311 9315 9316 9317 9318 9320 9321 9323 9324 9327 9328 9329 9330 9332 9333 9335 9336 9337 9339 9340 9341 9342 9343 9345 9346 9348 9349 9350 9351 9352 9353 9355 9356 9357 9358 9359 9361 9363 9364 9366 9367 9368 9369 9372 9373 9375 9377 9378 9379 9380 9382 9383 9384 9388 9389 9391 9392 9393 9394 9395 9396 9399 9401 9402 9403 9408 9409 9410 9413 9414 9416 9417 9419 9420 9421 9422 9424 9425 9427 9428 9429 9431 9432 9435 9436 9437 9438 9439 9442 9445 9447 9448 9449 9451 9452 9453 9456 9457 9458 9460 9461 9462 9465 9466 9467 9468 9469 9470 9471 9473 9474 9475 9476 9477 9478 9479 9480 9481 9482 9483 9484 9485 9486 9487 9488 9489 9490 9491 9492 9493 
	}
	manpower=1
	state_category=town
	buildings_max_level_factor=1.000
}
