
state={
	id=12
	name="STATE_12"
	history={
		owner = GUA
		add_core_of = GUA
	}

	provinces={
		89 655 1254 1991 1996 2083 2127 2335 2427 2809 2900 2918 3203 3282 3643 3769 3786 4037 4230 4271 4348 4437 4558 4653 4690 4724 4743 4844 4865 4895 4896 4904 5050 5054 5513 5524 5555 5573 5691 5696 8947 8955 8996 8997 9000 9012 9021 9033 9046 9057 9064 9075 9087 9091 9095 9096 9104 9113 9114 9122 9126 9129 9132 9137 9147 9152 9153 9160 9174 9180 9183 9186 9197 9200 9202 9205 9207 9210 9212 9218 9224 9226 9238 9257 9260 9261 14951 
	}
	manpower=1
	state_category=town
	buildings_max_level_factor=1.000
}
