
state={
	id=13
	name="STATE_13"
	history={
		owner = CAN
		add_core_of = CAN
	}

	provinces={
		1 6 10 44 108 128 158 187 200 215 220 226 227 234 235 243 268 298 306 308 322 373 394 395 408 452 471 486 490 509 515 523 542 553 588 600 602 603 638 643 647 693 704 715 718 721 735 743 764 775 803 808 824 840 848 860 875 885 887 908 954 955 961 986 989 1024 1050 1062 1067 1085 1095 1099 1131 1165 1186 1189 1221 1252 1261 1263 1272 1274 1276 1289 1316 1332 1349 1350 1354 1360 1369 1390 1398 1404 1421 1456 1460 1481 1495 1500 1519 1522 1533 1560 1599 1601 1617 1659 1666 1676 1678 1685 1701 1706 1724 1767 1771 1786 1800 1827 1839 1849 1914 1933 1942 1989 2052 2055 2075 2086 2138 2161 2187 2189 2197 2207 2220 2228 2234 2243 2245 2253 2262 2274 2283 2300 2329 2356 2357 2388 2406 2462 2463 2474 2475 2481 2503 2512 2536 2554 2576 2584 2588 2600 2607 2625 2642 2647 2671 2673 2698 2716 2735 2737 2768 2813 2852 2866 2877 2890 2920 2937 2963 2997 3005 3039 3040 3050 3068 3071 3076 3087 3101 3116 3152 3164 3170 3171 3175 3177 3207 3249 3252 3290 3294 3297 3305 3320 3325 3329 3340 3357 3366 3377 3384 3398 3423 3445 3454 3494 3510 3531 3559 3597 3612 3633 3651 3653 3668 3677 3805 3814 3829 3911 3933 3942 3966 3969 3976 4035 4075 4109 4110 4124 4125 4204 4209 4217 4222 4223 4284 4293 4301 4337 4341 4387 4413 4440 4477 4603 4633 4664 4683 4688 4788 4806 4861 4864 4894 4929 4953 4968 4978 4980 4994 5076 5143 5164 5219 5232 5295 5306 5307 5353 5415 5417 5432 5435 5459 5461 5480 5492 5509 5519 5588 5611 5671 5699 5736 5812 5904 5909 6201 6214 6222 6223 6229 6245 6248 6252 6255 6257 6262 6267 6269 6271 6280 6287 6298 6302 6303 6304 6307 6314 6317 6328 6332 6334 6338 6342 6351 6353 6354 6356 6361 6364 6365 6369 6375 6377 6383 6384 6389 6394 6399 6400 6412 6413 6414 6416 6418 6427 6436 6445 6446 6447 6450 6454 6459 6460 6465 6468 6472 6473 6474 6477 6480 6486 6494 6496 6504 6510 6518 6520 6534 6539 6545 6550 6557 6563 6566 6568 6575 6578 6580 6581 6586 6588 6594 6604 6605 6612 6618 6622 6626 6627 6635 6637 6650 6651 6657 6661 6667 6674 6677 6682 6683 6688 6689 6694 6696 6703 6705 6712 9559 9565 9573 9574 9575 9576 9581 14551 14608 14609 14692 14699 14702 14707 14712 14717 14719 14720 14735 14737 14739 14741 14745 14747 14750 14753 14754 14755 14757 14758 14759 14761 14765 14766 14767 14771 14773 14775 14776 14779 14781 14784 14787 14789 14794 14796 14812 14819 14834 14838 14845 14846 14849 14850 14853 14865 14868 14869 14873 14875 14879 14881 14884 
	}
	manpower=1
	state_category=town
	buildings_max_level_factor=1.000
}
