
state={
	id=14
	name="STATE_14"
	history={
		owner = VEN
		add_core_of = VEN
	}

	provinces={
		79 176 206 302 387 390 391 399 413 582 688 710 783 791 866 878 900 1008 1063 1193 1222 1255 1288 1336 1476 1554 1594 1626 1751 1770 1870 1904 1973 1992 2046 2106 2151 2191 2217 2316 2414 2440 2461 2526 2577 2788 2843 2855 2862 2863 2889 2978 2982 2995 2996 3046 3066 3080 3138 3145 3153 3237 3276 3299 3316 3324 3339 3351 3374 3399 3413 3431 3433 3436 3610 3644 3715 3765 3789 3817 3824 3836 3863 3872 3975 3989 4017 4027 4043 4045 4092 4153 4229 4234 4264 4275 4290 4313 4356 4459 4488 4511 4569 4632 4684 4695 4720 4744 4746 4763 4766 4774 4777 4803 4819 4912 4935 4979 4982 4983 5029 5034 5043 5077 5142 5174 5184 5208 5251 5263 5350 5493 5506 5530 5610 5614 5644 5662 5688 5744 5764 5770 5806 5830 5856 5907 5927 5942 8937 8950 8951 8953 8957 8959 8963 8965 8966 8970 8977 8978 8979 8984 8985 8986 8989 8991 8993 8998 8999 9002 9008 9009 9010 9013 9014 9015 9022 9024 9025 9039 9040 9041 9045 9049 9055 9062 9066 9070 9088 9093 9094 9097 9098 9103 9111 9117 9118 9119 9120 9124 9127 9134 9139 9140 9144 9145 9146 9148 9163 9164 9165 9167 9168 9173 9175 9178 9179 9187 9188 9189 9190 9193 9199 9204 9215 9216 9217 9223 9225 9229 9231 9232 9237 9239 9240 9241 9243 9256 9262 9266 9273 9274 9277 9279 9280 9281 9284 9289 9292 9302 9305 9309 9319 9322 9626 14949 
	}
	manpower=1
	state_category=town
	buildings_max_level_factor=1.000
}
