
state={
	id=16
	name="STATE_16"
	history={
		owner = CAN
		add_core_of = CAN
	}

	provinces={
		105 167 169 193 204 325 393 406 476 488 505 551 566 575 608 937 1029 1057 1140 1265 1576 1860 1893 1931 2248 2266 2277 2432 2542 2610 2676 2972 3183 3192 3230 3261 3284 3434 3527 3572 3585 3595 3623 3636 3752 3792 4046 4074 4258 4279 4280 4368 4452 4519 4708 5018 5070 5124 5364 5397 5528 5763 5802 5901 5960 6212 6235 6243 6253 6259 6265 6274 6279 6281 6293 6296 6300 6301 6312 6313 6318 6322 6336 6343 6349 6362 6366 6367 6372 6379 9579 14605 14760 14763 14764 14768 14769 14770 
	}
	manpower=1
	state_category=town
	buildings_max_level_factor=1.000
}
