
state={
	id=17
	name="STATE_17"
	history={
		owner = CAN
		add_core_of = CAN
	}

	provinces={
		42 71 73 74 82 85 106 131 141 153 211 317 344 352 356 388 420 484 487 492 494 528 559 605 616 626 652 666 687 698 725 728 760 765 772 785 823 831 838 852 914 924 950 998 1034 1045 1109 1121 1144 1148 1168 1191 1210 1223 1242 1328 1366 1394 1414 1541 1552 1609 1664 1708 1773 1776 1795 1808 1831 1882 1899 1927 1975 2007 2043 2068 2069 2073 2092 2134 2185 2211 2284 2317 2337 2371 2380 2422 2429 2454 2515 2559 2583 2585 2652 2675 2700 2754 2860 2861 2932 2938 2949 2955 3047 3063 3099 3103 3124 3165 3238 3251 3319 3327 3358 3363 3368 3387 3478 3521 3529 3540 3579 3666 3673 3681 3713 3740 3862 3866 3927 3955 3957 4059 4120 4189 4268 4317 4402 4411 4439 4461 4473 4475 4547 4550 4576 4578 4592 4649 4679 4717 4747 4808 4838 4843 4857 4881 4920 4971 5019 5127 5175 5201 5302 5334 5356 5475 5544 5567 5653 5695 5697 5706 5733 5814 5822 5839 5872 5921 5952 6239 6246 6275 6276 6291 6295 6297 6308 6311 6320 6324 6327 6329 6333 6344 6358 6368 6371 6373 6382 6390 6397 6398 6402 6408 6422 6432 6434 6438 6441 6444 6448 6452 6453 6455 6456 6461 6471 6475 6481 6484 6495 6501 6506 6509 6524 6527 6528 6532 6538 6543 6546 6553 6560 6565 6582 6583 6584 6585 6596 6597 6606 6613 6620 6621 6632 9580 9582 9583 9584 9585 9586 9587 9588 9589 14718 14772 14777 14782 14791 14792 14801 14808 14811 14832 14841 14842 14847 14856 14864 14867 
	}
	manpower=1
	state_category=town
	buildings_max_level_factor=1.000
}
