
state={
	id=18
	name="STATE_18"
	history={
		owner = CAN
		add_core_of = CAN
	}

	provinces={
		57 68 88 94 143 295 342 348 414 419 493 669 677 757 776 784 810 854 883 913 919 934 965 1014 1091 1132 1197 1237 1244 1264 1334 1426 1531 1535 1539 1542 1658 1663 1694 1720 1737 1772 1778 1875 1936 1939 2000 2031 2056 2062 2089 2096 2179 2235 2323 2361 2366 2392 2396 2398 2417 2521 2530 2555 2560 2572 2593 2774 2786 2881 2988 3134 3322 3372 3376 3416 3456 3500 3533 3613 3619 3659 3674 3896 3905 4018 4062 4094 4161 4187 4201 4213 4215 4254 4490 4614 4733 4888 4947 4948 5123 5135 5157 5160 5162 5296 5410 5424 5569 5719 5723 5727 5946 5957 6288 6292 6305 6309 6326 6331 6337 6341 6352 6357 6359 6360 6376 6378 6381 6385 6391 6405 6409 6411 6415 6420 6423 6439 6440 6462 6507 6525 6526 6540 6564 6587 6591 6614 6639 6640 6641 6660 14559 14589 14603 14746 14788 14805 
	}
	manpower=1
	state_category=town
	buildings_max_level_factor=1.000
}
