
state={
	id=19
	name="STATE_19"
	history={
		owner = CAN
		add_core_of = CAN
	}

	provinces={
		29 48 99 114 159 199 209 261 347 397 418 422 503 507 610 738 771 845 851 882 896 930 941 948 1060 1075 1082 1122 1212 1380 1452 1490 1508 1513 1518 1530 1588 1592 1593 1620 1696 1784 1797 1817 1850 1854 1916 1976 2022 2041 2290 2296 2368 2379 2386 2395 2574 2694 2762 2777 2794 2874 2885 2965 3022 3084 3168 3412 3676 3771 3772 3773 3807 3978 3986 3994 3998 4311 4312 4320 4433 4596 4796 4879 4939 4950 5177 5355 5446 5554 5582 5591 5672 5807 5861 6285 6286 6290 6310 6316 6321 6325 6330 6339 6345 6348 6350 6374 6386 6387 6392 6395 6401 6410 6419 6451 6478 6493 6533 6554 6592 6593 6598 6609 6611 6625 6628 6646 14507 14558 14562 14568 14569 14582 14610 14611 14612 14752 14762 14774 14780 14785 14786 14790 14795 14797 14799 14800 14802 14803 14804 14813 14815 14818 14820 14821 14823 14826 14828 14829 14830 14831 14836 14848 14852 14859 
	}
	manpower=1
	state_category=town
	buildings_max_level_factor=1.000
}
