
state={
	id=2
	name="STATE_2"

	history={
		owner = USA
		add_core_of = USA

	}

	provinces={
		2 46 86 92 95 107 154 168 170 174 188 217 218 228 266 278 283 303 335 355 357 365 392 416 417 445 485 506 514 546 576 594 601 627 640 650 664 672 675 689 692 700 703 716 717 730 745 751 753 755 782 793 820 822 872 891 912 927 935 959 960 996 997 1007 1013 1016 1019 1035 1038 1054 1064 1070 1117 1139 1161 1173 1174 1198 1201 1227 1228 1247 1269 1307 1311 1318 1367 1418 1433 1450 1455 1470 1484 1498 1529 1545 1566 1582 1613 1618 1665 1673 1680 1692 1698 1712 1715 1746 1748 1756 1759 1878 1886 1905 1908 1919 1934 1937 1954 1990 2001 2045 2058 2097 2120 2153 2168 2173 2209 2230 2251 2258 2342 2376 2378 2413 2442 2446 2472 2488 2538 2545 2592 2596 2614 2615 2617 2620 2732 2755 2784 2805 2818 2857 2969 2999 3031 3033 3054 3100 3139 3160 3162 3204 3210 3231 3280 3311 3318 3343 3414 3425 3438 3443 3507 3560 3576 3658 3684 3708 3719 3737 3788 3813 3841 3844 3852 3984 4068 4121 4140 4156 4163 4166 4171 4174 4178 4179 4193 4203 4226 4376 4436 4455 4478 4492 4497 4564 4566 4628 4676 4749 4804 4995 5027 5036 5044 5048 5088 5106 5118 5132 5144 5156 5265 5315 5325 5369 5385 5457 5636 5669 5783 5847 5864 5868 5878 5887 5941 5986 5993 5995 5996 6002 6003 6007 6009 6012 6014 6017 6022 6023 6029 6032 6033 6034 6036 6038 6041 6043 6045 6049 6056 6057 6060 6063 6068 6070 6072 6073 6074 6075 6078 6079 6082 6083 6085 6089 6093 6094 6095 6096 6097 6102 6103 6105 6107 6108 6110 6112 6113 6116 6118 6119 6120 6123 6127 6128 6130 6131 6132 6140 6156 6162 6164 6167 6170 6171 6176 6180 6181 6184 6191 6203 6244 6251 6270 6277 6278 6283 6284 6306 9516 9518 9519 9527 9535 9536 9540 9541 9542 9543 9544 9545 9547 9549 9551 9554 9556 9557 9558 9560 9561 9562 9563 9564 9566 9568 9569 9570 9571 9572 9577 9578 14549 14553 14564 14602 14631 14648 14662 14663 
	}
	manpower=1
	buildings_max_level_factor=1.000
	state_category=town
}
