
state={
	id=20
	name="STATE_20"
	history={
		owner = CAN
		add_core_of = CAN
	}

	provinces={
		21 24 35 36 63 164 245 279 316 409 574 661 671 702 708 756 774 828 830 839 859 972 975 991 1069 1158 1171 1208 1308 1335 1445 1467 1510 1538 1559 1563 1577 1579 1623 1725 1743 1765 1802 1894 1938 2053 2093 2123 2174 2190 2205 2276 2345 2425 2473 2497 2500 2516 2638 2644 2672 2713 2714 2921 2925 3043 3089 3360 3380 3424 3466 3512 3542 3555 3675 3685 3692 3760 3821 3913 3977 4019 4115 4380 4405 4786 4875 4921 5020 5345 5496 5645 5657 5666 5757 5912 5948 6282 6289 6294 6299 6315 6319 6323 6335 6347 6355 6363 6380 6403 6404 6407 6421 6425 6430 6431 6467 6469 6491 6492 6515 6516 6547 6558 6572 6574 6600 6624 6634 6653 6658 6670 14494 14508 14518 14526 14571 14606 14607 14749 14751 14756 14778 14783 14793 14798 14806 14807 14809 14810 14814 14816 14817 14825 14837 14851 14860 14872 
	}
	manpower=1
	state_category=town
	buildings_max_level_factor=1.000
}
