
state={
	id=22
	name="STATE_22"
	history={
		owner = CAN
		add_core_of = CAN
	}

	provinces={
		19 22 28 34 40 66 70 80 122 139 160 189 196 213 260 288 294 366 384 434 448 465 489 524 532 615 659 662 670 682 787 792 794 815 832 850 893 907 943 1017 1022 1124 1179 1207 1219 1241 1243 1256 1290 1320 1326 1364 1420 1459 1462 1482 1487 1505 1516 1591 1610 1661 1695 1702 1745 1762 1804 1805 1834 1836 1838 1853 1857 1877 1924 1926 1945 1987 1997 2032 2037 2065 2079 2085 2102 2104 2143 2146 2166 2167 2265 2354 2404 2408 2430 2478 2517 2518 2534 2549 2551 2565 2611 2645 2669 2722 2742 2758 2831 2899 2993 3006 3008 3021 3024 3028 3093 3120 3156 3169 3272 3307 3397 3429 3446 3447 3482 3551 3702 3722 3727 3750 3766 3780 3806 3811 3839 3854 3938 3973 4002 4095 4119 4158 4180 4183 4197 4232 4251 4307 4322 4324 4331 4340 4353 4372 4382 4400 4420 4503 4521 4571 4575 4605 4648 4692 4745 4760 4801 4816 4820 5031 5053 5064 5093 5103 5122 5207 5233 5239 5283 5292 5321 5327 5430 5462 5477 5489 5550 5558 5638 5643 5663 5687 5711 5720 5827 5832 5842 5882 5922 6340 6346 6370 6388 6393 6396 6406 6417 6424 6426 6428 6429 6433 6435 6437 6443 6449 6457 6458 6463 6483 6485 6487 6497 6500 6508 6512 6513 6529 6535 6536 6537 6544 6549 6556 6561 6570 6571 6573 6577 6579 6599 6601 6603 6607 6608 6616 6623 6636 6644 6647 6648 6656 6662 6665 6666 6669 6675 6678 6686 6687 6691 6693 6700 6701 6702 6709 6715 6719 6720 6721 6722 6726 6729 6730 6733 6734 6742 6745 6750 6754 6762 6764 6773 6776 6777 6782 6795 6804 6805 6823 6827 6829 6868 6869 6886 6887 6901 6938 6963 6964 6970 6987 6994 7002 7011 7012 7018 7030 7076 7090 14493 14495 14500 14503 14511 14512 14515 14516 14517 14519 14522 14535 14539 14540 14561 14565 14567 14575 14586 14614 14615 14620 14822 14824 14827 14833 14835 14839 14840 14843 14854 14855 14857 14858 14861 14862 14863 14866 14871 14874 14876 14878 14880 14882 14885 14895 14900 
	}
	manpower=1
	state_category=town
	buildings_max_level_factor=1.000
}
