
state={
	id=23
	name="STATE_23"
	history={
		owner = USA
		add_core_of = USA
	}

	provinces={
		25 96 149 527 581 880 984 1004 1012 1030 1066 1103 1430 1448 1646 1890 2130 2590 2684 2727 2906 2922 2940 2970 3098 3109 3188 3476 3488 3526 3647 3680 3733 3756 3842 3871 3886 3939 3964 3965 3983 4131 4142 4191 4239 4306 4397 4404 4667 4719 4811 4845 4870 5009 5041 5134 5257 5287 5559 5592 5624 5722 5737 5747 5782 5903 5963 8199 8210 8213 8219 8224 8244 8245 8247 8248 8250 8251 8260 8262 8265 8266 8267 8282 8292 8293 8313 8319 8330 8341 8344 8362 8373 8374 8380 8386 8391 8405 8409 8413 8415 8424 8427 8435 8449 8454 8457 8459 8463 8472 8473 8495 14623 
	}
	manpower=1
	state_category=town
	buildings_max_level_factor=1.000
}
