
state={
	id=24
	name="STATE_24"
	history={
		owner = USA
		add_core_of = USA
	}

	provinces={
		47 867 1059 1104 1231 1648 2039 2115 2132 2162 2261 2271 2292 2341 2389 2407 2459 2487 2539 2608 2734 2887 3518 3552 3810 3937 4087 4200 4375 4630 4775 4779 4787 4855 4885 4905 5098 5379 5494 5570 5619 5938 8130 8135 8158 8168 8171 8217 8220 8238 8258 8259 8277 8301 8303 8310 8318 8323 8325 8332 8343 8346 8347 8354 8358 8359 8367 8368 8370 8372 8379 8383 8390 8393 8394 8395 8398 8399 8412 9598 14933 14936 14937 
	}
	manpower=1
	state_category=town
	buildings_max_level_factor=1.000
}
