
state={
	id=28
	name="STATE_28"
	history={
		owner = USA
		add_core_of = USA
	}

	provinces={
		13 130 495 733 811 957 1271 1284 1769 1865 2044 2186 2208 2224 2363 2384 2631 2750 3058 3094 3225 3274 3379 3389 3419 3427 3608 3936 4089 4123 4247 4249 4638 4936 5028 5107 5202 5344 5399 5581 5628 5713 5796 5899 6629 6631 6633 6645 6649 6652 6654 6655 6659 6673 6680 6681 6692 6695 6707 6708 6710 6714 6728 6732 6738 6740 6746 6758 6763 6768 6770 6774 6781 6785 6794 6812 6813 6820 6834 6835 6836 9590 
	}
	manpower=1
	state_category=town
	buildings_max_level_factor=1.000
}
