
state={
	id=29
	name="STATE_29"

	history={
		owner = USA
		add_core_of = USA

	}

	provinces={
		97 133 256 520 562 590 777 909 964 983 1047 1157 1325 1818 1920 1971 2014 2163 2254 2275 2343 2434 2686 2690 2744 2756 2779 2912 2984 3113 3151 3242 3392 3535 3541 3577 3712 3875 3882 3917 3946 4130 4176 4188 4207 4300 4537 4730 5066 5149 5236 5303 5404 5507 5520 5710 5742 5869 6716 6737 6798 6816 6865 6891 6897 6952 6972 6997 7005 7051 7060 7063 7081 7088 7092 7097 7109 7110 7111 7112 7125 7130 7137 7139 7161 7173 7174 7187 7209 7223 7226 14883 14904 
	}
	manpower=1
	buildings_max_level_factor=1.000
	state_category=town
}
