
state={
	id=31
	name="STATE_31"
	history={
		owner = USA
		add_core_of = USA
	}

	provinces={
		23 142 312 398 443 481 585 612 646 706 923 979 1092 1160 1253 1372 1387 1472 1475 1477 1492 1597 1635 1710 1840 1885 1897 1969 2067 2152 2160 2183 2195 2206 2227 2257 2373 2439 2441 2445 2489 2594 2603 2612 2619 2715 2819 3091 3159 3269 3277 3308 3314 3396 3406 3472 3524 3670 3720 3877 3921 4006 4032 4169 4218 4244 4309 4334 4531 4572 4656 4696 4722 4812 4842 4882 4886 5004 5062 5080 5113 5150 5152 5199 5274 5282 5380 5391 5467 5491 5650 5756 5959 6668 6676 6699 6706 6718 6725 6735 6744 6747 6749 6752 6756 6766 6771 6787 6800 6801 6808 6814 6833 6837 6844 6847 6850 6853 6876 6883 6892 6907 6914 6920 6932 6950 6957 6993 6998 14889 14892 
	}
	manpower=1
	state_category=town
	buildings_max_level_factor=1.000
}
