
state={
	id=32
	name="STATE_32"
	history={
		owner = USA
		add_core_of = USA
	}

	provinces={
		67 100 101 376 381 463 498 530 634 731 781 1020 1151 1257 1297 1301 1446 1478 1520 1528 1570 1606 1674 1925 2081 2088 2094 2198 2246 2346 2514 2537 2665 2670 2695 2729 2804 2834 3163 3191 3209 3286 3347 3400 3569 3593 3606 3782 3962 4067 4145 4148 4150 4325 4364 4377 4432 4513 4516 4621 4768 4830 4866 5006 5047 5231 5247 5466 5511 5725 5745 5816 5929 6697 6698 6704 6743 6755 6779 6786 6788 6792 6797 6803 6817 6862 6889 6890 6922 6946 6947 6953 6954 6966 6968 7009 7015 7025 7029 7032 7037 7047 7048 7052 7055 7074 7078 7083 14509 14510 14587 14887 14894 14896 
	}
	manpower=1
	state_category=town
	buildings_max_level_factor=1.000
}
