state={
	id=34
	name="STATE_34"
	history={
		owner = USA
		add_core_of = USA
	}

	provinces={
		208 267 431 519 563 684 796 863 1735 1796 1959 2010 2018 2553 2848 2864 2935 3302 3345 3440 3462 3475 3484 3547 3578 3635 3660 3791 3954 3995 4039 4061 4122 4245 4281 4408 4510 4641 4645 4646 4761 4846 4981 5084 5192 5196 5250 5271 5381 5429 5525 5731 5803 7916 7941 7945 7960 7969 7972 7988 7993 7994 8005 8017 8022 8027 8031 8047 8052 8057 8077 8085 8093 8105 8108 8109 8120 8121 8131 8161 8162 8187 8190 8203 8205 8206 8207 8212 8218 8230 8231 8234 8261 8273 8278 8281 8284 8288 8306 8327 
	}
	manpower=1
	state_category=town
	buildings_max_level_factor=1.000
}
