
state={
	id=36
	name="STATE_36"
	history={
		owner = USA
		add_core_of = USA
	}

	provinces={
		150 253 958 1287 1345 1389 1393 1504 1790 1923 1968 2444 2558 2598 2640 2753 2766 2773 2845 3202 3289 3336 3642 3867 3992 4069 4202 4225 4355 4591 4907 4972 5022 5026 5061 5170 5176 5190 5242 5308 5441 5449 5603 5641 5811 5854 7858 7871 7892 7906 7908 7920 7936 7937 7938 7965 7978 7979 7980 7989 8012 8013 8028 8032 8038 8039 8055 8086 8088 8102 8103 8111 8114 8132 8133 8134 8136 8154 8155 8169 8175 8176 8180 8192 8197 8204 8208 8221 8257 8272 8291 8298 14924 14927 14929 14930 
	}
	manpower=1
	state_category=town
	buildings_max_level_factor=1.000
}
