
state={
	id=38
	name="STATE_38"

	history={
		owner = USA
		add_core_of = USA

	}

	provinces={
		12 20 31 41 55 109 117 118 123 132 329 334 396 438 502 504 558 579 618 663 707 806 813 849 874 890 899 920 980 988 1032 1048 1133 1205 1213 1258 1293 1383 1399 1403 1449 1502 1511 1551 1633 1637 1652 1687 1691 1731 1812 1826 1859 1871 1943 1947 1953 1957 1965 2034 2070 2100 2101 2109 2114 2133 2156 2158 2192 2216 2242 2304 2390 2415 2431 2460 2465 2483 2492 2498 2520 2570 2599 2613 2674 2679 2707 2724 2730 2733 2761 2782 2811 2824 2827 2829 2909 2911 2931 2951 2952 2975 2994 3000 3018 3037 3081 3082 3097 3105 3106 3132 3144 3148 3154 3184 3241 3263 3293 3306 3315 3323 3346 3365 3421 3469 3505 3536 3545 3567 3583 3592 3601 3703 3706 3709 3724 3757 3763 3802 3818 3869 3881 3883 3906 3914 3919 3924 3940 4050 4107 4129 4172 4175 4194 4208 4227 4236 4242 4296 4342 4349 4384 4399 4481 4502 4557 4561 4579 4586 4593 4612 4637 4640 4661 4662 4669 4739 4769 4773 4850 4887 4892 4906 4957 4990 5008 5014 5017 5055 5096 5097 5117 5119 5139 5159 5188 5211 5255 5262 5266 5270 5294 5375 5436 5452 5487 5518 5545 5580 5634 5724 5793 5798 5808 5828 5829 5841 5850 5870 5936 5951 5956 5964 5967 7859 7914 7954 7956 7991 8009 8011 8051 8054 8069 8071 8076 8082 8083 8092 8096 8097 8098 8099 8100 8118 8119 8124 8125 8128 8138 8144 8146 8149 8150 8151 8153 8160 8170 8174 8178 8183 8185 8188 8189 8196 8201 8202 8209 8211 8227 8228 8229 8233 8237 8241 8242 8243 8249 8253 8264 8268 8269 8275 8276 8279 8280 8287 8289 8290 8296 8297 8299 8305 8307 8308 8309 8312 8315 8316 8320 8324 8326 8328 8329 8331 8336 8337 8339 8340 8342 8345 8349 8352 8353 8356 8357 8361 8365 8366 8369 8375 8376 8377 8384 8385 8387 8388 8389 8402 8403 8406 8410 8411 8414 8417 8419 8420 8422 8426 8428 8430 8432 8433 8441 8442 8445 8450 8451 8452 8453 8460 8465 8471 8482 8488 8496 8500 8511 8516 8520 8534 8542 8546 8547 8548 14934 14935 14939 
	}
	manpower=1
	buildings_max_level_factor=1.000
	state_category=town
}
