
state={
	id=40
	name="STATE_40"
	history={
		owner = USA
		add_core_of = USA
	}

	provinces={
		236 389 461 462 910 936 1115 1175 1267 1337 1424 1587 1763 1801 1879 1988 2061 2181 2279 2649 2723 2919 3118 3260 3287 3317 3371 3519 3568 3582 3742 3956 3972 4033 4034 4080 4422 4584 4594 4913 4916 4941 4952 4959 5010 5114 5205 5244 5609 5684 5881 6809 6819 6822 6838 6848 6849 6852 6855 6863 6866 6873 6884 6885 6898 6905 6908 6915 6921 6924 6925 6927 6933 6934 6943 6944 6951 6974 6975 6980 6984 6985 6989 7000 7010 7014 7033 7049 7056 7066 7085 7091 7094 7116 7120 7138 14543 14555 14557 14579 14898 
	}
	manpower=1
	state_category=town
	buildings_max_level_factor=1.000
}
