
state={
	id=41
	name="STATE_41"
	history={
		owner = USA
		add_core_of = USA
	}

	provinces={
		102 181 296 386 415 457 569 622 632 691 696 817 1046 1110 1251 1268 1382 1473 1705 1760 1810 1846 1888 1978 2025 2028 2033 2047 2090 2223 2241 2260 2358 2529 2548 2748 2791 2836 2838 2841 2873 3027 3135 3373 3468 3473 3490 3538 3550 3662 3865 4088 4105 4132 4146 4246 4421 4430 4434 4448 4543 4565 4707 4789 4938 4999 5102 5193 5465 5755 5801 5831 6843 6864 6872 6879 6881 6888 6895 6896 6902 6923 6928 6940 6941 6959 6960 6973 6982 6991 6992 7003 7004 7021 7027 7034 7036 7043 7044 7058 7065 7067 7073 7084 7087 7096 7106 7114 7115 7124 7136 7147 7166 14901 14902 
	}
	manpower=1
	state_category=town
	buildings_max_level_factor=1.000
}
