
state={
	id=42
	name="STATE_42"
	history={
		owner = USA
		add_core_of = USA
	}

	provinces={
		281 746 847 864 1177 1523 1650 1754 1841 1932 1961 2015 2074 2145 2203 2307 2448 2493 2550 2687 2816 2891 3057 3079 3195 3232 3254 3332 3383 3459 3491 3701 3808 3980 4012 4195 4315 4383 4687 4750 4771 4909 4992 5075 5094 5108 5141 5414 5488 5577 5668 5675 5762 5820 5826 5911 5935 6761 6769 6772 6778 6780 6784 6789 6810 6815 6818 6846 6856 6857 6860 6877 6894 6899 6906 6916 6917 6930 6945 6958 6967 6969 6976 6977 6981 6986 6999 7001 7017 7022 7026 7035 7045 7059 7069 7071 7086 7098 7101 7107 7108 7121 7127 7146 9591 14504 14506 14513 14520 14521 14523 14524 14529 14531 14533 14534 14536 14537 14547 14552 14574 14576 14585 14590 14592 14593 14613 14616 14617 14618 14619 
	}
	manpower=1
	state_category=town
	buildings_max_level_factor=1.000
}
