
state={
	id=44
	name="STATE_44"
	history={
		owner = USA
		add_core_of = USA
	}

	provinces={
		14 104 157 162 231 254 360 402 537 545 560 573 660 680 846 879 894 942 1033 1056 1282 1338 1351 1443 1657 1847 1977 2126 2144 2171 2270 2349 2375 2480 2524 2606 2616 2667 2814 2832 2865 2878 2917 2929 2943 3013 3055 3069 3104 3114 3146 3370 3402 3504 3544 3546 3762 3785 3815 3856 3898 4024 4051 4141 4219 4262 4276 4332 4369 4463 4570 4606 4627 4629 4647 4657 4741 4762 4849 4914 4924 4930 4931 4949 5024 5166 5204 5304 5395 5495 5630 5834 7833 7834 7851 7852 7857 7863 7870 7879 7885 7886 7899 7910 7924 7925 7939 7951 7983 7986 7987 7995 7998 8008 8021 8024 8029 8036 8037 8061 8062 8089 8106 8107 8113 8137 8139 8147 8148 8164 8167 8194 8195 8223 8236 8240 8252 8283 8295 
	}
	manpower=1
	state_category=town
	buildings_max_level_factor=1.000
}
