
state={
	id=46
	name="STATE_46"
	history={
		owner = USA
		add_core_of = USA
	}

	provinces={
		37 120 165 337 587 719 862 977 1078 1114 1292 1302 1321 1358 1550 1585 1651 1833 1929 1956 1993 2139 2268 2303 2409 2467 2533 2621 2802 2820 2837 2914 3174 3257 3506 3603 3639 3652 3903 3926 3988 4011 4014 4031 4113 4114 4186 4587 4672 4706 4751 4828 4839 4975 5154 5341 5357 5714 5790 5791 6909 6910 6913 6929 6949 6979 6996 7013 7028 7041 7046 7061 7079 7080 7082 7104 7148 7157 7158 7163 7176 14897 
	}
	manpower=1
	state_category=town
	buildings_max_level_factor=1.000
}
