
state={
	id=47
	name="STATE_47"
	history={
		owner = USA
		add_core_of = USA
	}

	provinces={
		39 98 127 129 140 205 270 299 372 429 432 453 676 711 714 727 857 877 990 1036 1071 1074 1100 1129 1200 1331 1348 1400 1408 1507 1534 1699 1822 2117 2188 2282 2382 2447 2468 2476 2561 2726 2740 2747 2752 2842 2859 2888 3070 3092 3128 3586 3614 3624 3801 3899 3910 4361 4406 4409 4462 4486 4487 4535 4655 4704 4832 4837 4902 5074 5153 5280 5281 5338 5340 5372 5448 5523 5533 5707 5876 5968 7808 7813 7815 7823 7824 7825 7838 7844 7864 7877 7894 7895 7898 7917 7927 7931 7932 7953 7975 7982 7985 8001 8006 8007 8016 8020 8035 8042 8048 8050 8065 8066 8075 8091 8095 8117 8143 8157 8159 8172 8173 8181 8193 8215 8222 8246 8254 8256 8274 8285 8302 8311 8314 
	}
	manpower=1
	state_category=town
	buildings_max_level_factor=1.000
}
