
state={
	id=49
	name="STATE_49"
	history={
		owner = USA
		add_core_of = USA
	}

	provinces={
		126 192 310 318 338 423 426 483 548 554 598 623 694 971 1098 1147 1249 1285 1298 1309 1371 1435 1647 1656 1757 1900 1946 1998 2019 2024 2080 2204 2411 2494 2564 2582 2974 3090 3125 3187 3212 3288 3310 3369 3457 3596 3629 3826 3887 3934 3935 3985 4004 4136 4144 4165 4235 4285 4330 4443 4530 4671 4714 4767 5003 5025 5057 5261 5463 5537 5568 5583 5761 5805 5825 5885 5890 6995 7024 7054 7068 7070 7077 7099 7100 7103 7118 7119 7135 7145 7167 7175 7189 7193 7197 7202 7247 7259 7271 7273 7299 7316 7333 7334 7357 7361 14899 
	}
	manpower=1
	state_category=town
	buildings_max_level_factor=1.000
}
