state={
	id=51
	name="STATE_51"
	history={
		owner = NSA
		add_core_of = NSA
	}

	provinces={
		564 837 1229 1423 1861 1883 2017 2299 2347 2543 2629 2650 2901 3182 3441 3754 4044 4070 4167 4339 4351 4451 4589 4613 4644 4670 4674 4740 4795 4817 4863 5046 5224 5228 5238 5309 5351 5443 5498 5546 5605 5692 5821 5950 7105 7122 7144 7155 7164 7168 7170 7178 7181 7182 7191 7192 7212 7214 7215 7225 7232 7239 7245 7250 7257 7262 7265 7274 7277 7287 7294 7295 7296 7303 7313 7314 7326 7342 7347 7351 7369 7376 7383 7384 7389 7395 7416 7418 7433 7439 7445 14566 
	}
	manpower=1
	state_category=town
	buildings_max_level_factor=1.000
}
