state={
	id=52
	name="STATE_52"
	history={
		owner = USA
		add_core_of = USA
	}

	provinces={
		178 363 430 446 478 589 697 739 829 876 1009 1028 1058 1381 1417 1458 1471 1668 1703 2319 2401 2544 2601 2658 2892 3410 3691 3832 3833 3843 3850 3870 4048 4149 4157 4228 4381 4438 4472 4489 4549 4752 4872 4899 5049 5071 5210 5312 5388 5401 5787 5824 7075 7089 7093 7126 7128 7129 7131 7140 7143 7149 7152 7169 7177 7179 7180 7184 7188 7206 7210 7211 7224 7234 7235 7237 7238 7251 7253 7290 7292 7320 7328 7335 7341 7345 7352 7354 7375 
	}
	manpower=1
	state_category=town
	buildings_max_level_factor=1.000
}
