
state={
	id=53
	name="STATE_53"
	history={
		owner = USA
		add_core_of = USA
	}

	provinces={
		177 251 552 856 1025 1089 1136 1141 1214 1226 1312 1362 1602 1711 1789 2157 2636 2793 3119 3211 3480 3611 3622 3683 3711 3751 3758 3798 3831 3971 4090 4237 4291 4544 4713 4715 4757 4868 4923 5068 5288 5316 5326 5374 5390 5420 5433 5442 5447 5479 5597 5599 5771 5779 5837 5891 7123 7132 7151 7159 7190 7195 7207 7244 7252 7268 7276 7279 7285 7286 7308 7311 7312 7325 7336 7339 7350 7355 7363 7379 7380 7402 7408 7422 7429 7431 7435 7452 7471 7472 7484 7492 7512 7533 7542 7543 7544 7566 7615 7670 14550 14905 14909 
	}
	manpower=1
	state_category=town
	buildings_max_level_factor=1.000
}
