
state={
	id=54
	name="STATE_54"
	history={
		owner = USA
		add_core_of = USA
	}

	provinces={
		5 146 175 319 467 580 597 645 668 819 865 868 881 933 969 1119 1142 1273 1278 1317 1365 1373 1378 1406 1410 1427 1483 1548 1567 1643 1707 1714 1749 1876 1880 1912 1940 2036 2048 2057 2066 2107 2150 2176 2177 2244 2312 2344 2362 2372 2394 2416 2419 2540 2556 2659 2751 2780 2783 2961 3016 3060 3321 3354 3403 3411 3489 3565 3632 3641 3656 3665 3704 3768 3804 3830 3834 3840 3884 3889 3891 3901 3909 3987 4041 4057 4106 4173 4278 4302 4403 4425 4480 4482 4496 4523 4546 4554 4678 4698 4725 4836 4955 4963 4987 5007 5085 5197 5198 5235 5275 5330 5358 5365 5398 5535 5541 5576 5590 5596 5649 5748 5858 5883 5902 5949 7196 7201 7213 7221 7231 7240 7241 7275 7288 7291 7298 7315 7358 7362 7372 7382 7385 7426 7459 7474 7477 7495 7496 7513 7521 7522 7530 7547 7567 7578 7602 7612 7619 7636 7646 7649 7653 7655 7667 7678 7690 7706 7727 7742 7749 7750 7762 7791 7792 7846 7856 7873 7884 7890 7922 7923 7926 7930 7943 7964 7966 7967 7970 7974 7997 8000 8002 8015 8018 8023 8041 8046 8074 8087 8123 8145 8156 8163 9593 9594 9596 9597 14903 14907 14911 14932 
	}
	manpower=1
	state_category=town
	buildings_max_level_factor=1.000
}
