
state={
	id=56
	name="STATE_56"
	history={
		owner = USA
		add_core_of = USA
	}

	provinces={
		427 428 513 561 633 1002 1018 1310 1568 1730 1738 2004 2076 2410 2456 2457 2504 2633 2693 2872 2933 3045 3051 3052 3056 3072 3111 3224 3259 3335 3562 3645 3893 3900 3961 4212 4288 4358 4426 4476 4485 4618 4840 4986 5246 5278 5440 5693 5732 5931 7793 7799 7814 7817 7827 7831 7836 7840 7853 7866 7868 7874 7887 7888 7893 7900 7902 7904 7905 7913 7918 7929 7935 7959 7963 7968 7977 7992 8004 8010 8030 8059 8060 8068 8070 8080 8084 8090 8101 8104 8126 14925 
	}
	manpower=1
	state_category=town
	buildings_max_level_factor=1.000
}
