state={
	id=57
	name="STATE_57"
	history={
		owner = USA
		add_core_of = USA
	}

	provinces={
		50 152 331 435 572 709 734 873 963 1116 1277 1342 1619 1766 1793 1824 1867 1921 2021 2199 2327 2896 2944 2967 3042 3088 3115 3268 3326 3341 3609 3630 3686 3846 4103 4289 4299 4319 4323 4354 4444 4460 4484 4541 4598 4643 4673 4825 4943 5079 5091 5178 5285 5329 5743 5754 7183 7198 7205 7217 7218 7227 7228 7242 7248 7260 7261 7263 7267 7307 7309 7310 7330 7344 7346 7349 7359 7367 7368 7377 7378 7393 7401 7427 7447 7451 7454 7463 7466 7487 
	}
	manpower=1
	state_category=town
	buildings_max_level_factor=1.000
}
