
state={
	id=59
	name="STATE_59"
	history={
		owner = USA
		add_core_of = USA
	}

	provinces={
		49 240 257 273 412 436 440 456 468 556 592 679 705 726 1053 1130 1192 1466 1589 1734 1830 1901 1985 2149 2240 2308 2310 2352 2387 2435 2464 2527 2586 2655 2745 2746 2875 2924 2946 2960 2998 3038 3078 3155 3246 3262 3264 3348 3378 3573 3594 3637 3648 3698 3970 4036 4047 4078 4134 4160 4185 4205 4445 4458 4529 4562 4654 4900 5023 5067 5136 5179 5230 5273 5366 5437 5482 5484 5503 5655 5718 5769 5838 7255 7266 7272 7282 7283 7284 7289 7306 7321 7323 7324 7370 7396 7398 7430 7434 7437 7449 7462 7483 7486 7503 7508 7514 7532 7536 7549 7557 7564 7575 7606 7609 7625 7634 7637 7650 7656 7713 7732 7734 7751 7764 7789 7801 7807 7907 14908 14922 
	}
	manpower=1
	state_category=town
	buildings_max_level_factor=1.000
}
