
state={
	id=6
	name="STATE_6"
	history={
		owner = CAN
		add_core_of = CAN
	}

	provinces={
		8 9 11 53 59 75 156 194 202 233 262 297 501 557 591 685 844 869 929 1076 1111 1128 1135 1137 1152 1235 1236 1344 1346 1353 1384 1415 1557 1561 1612 1630 1638 1686 1697 1739 1758 1898 1981 2182 2236 2289 2291 2412 2426 2609 2696 2701 2858 3003 3004 3131 3338 3361 3415 3575 3618 3663 3695 3699 3794 3892 4065 4304 4391 4450 4650 4651 5090 5313 5324 5421 5451 5458 5676 5835 5900 6058 6099 6100 6111 6121 6138 6146 6160 6163 6172 6177 6182 6190 6194 6207 6213 6217 6219 6234 6237 6240 14678 14705 
	}
	manpower=1
	state_category=town
	buildings_max_level_factor=1.000
}
