
state={
	id=61
	name="STATE_61"
	history={
		owner = USA
		add_core_of = USA
	}

	provinces={
		7 32 91 229 284 300 658 922 976 1203 1401 1447 1453 1474 1549 1632 1809 1895 1917 2064 2110 2221 2381 2511 2522 2651 2702 2765 2767 2826 2828 2854 2915 3019 3096 3107 3185 3296 3556 3631 3669 3696 3809 4079 4295 4346 4601 4703 5286 5299 5377 5471 5585 5730 5759 5776 5843 5874 7783 7811 7816 7820 7826 7845 7848 7865 7869 7878 7882 7891 7896 7901 7912 7915 7919 7928 7933 7934 7940 7944 7948 7949 7950 7958 7962 7971 7976 7990 7996 7999 8003 8025 8026 8043 8044 8063 8064 14919 14923 14926 14928 14931 
	}
	manpower=1
	state_category=town
	buildings_max_level_factor=1.000
}
