
state={
	id=63
	name="STATE_63"

	history={
		owner = USA
		add_core_of = USA

	}

	provinces={
		237 292 458 499 1023 1072 1113 1146 1170 1215 1434 1457 1461 1479 1517 1689 1726 1733 1813 1866 1948 2293 2309 2359 2423 2602 2648 2697 2725 2785 2821 2879 2893 2986 3017 3083 3216 3442 3487 3530 3672 3744 3828 3888 3958 4021 4091 4283 4352 4483 4509 4663 4686 4735 4848 4854 5750 5873 5962 7319 7371 7392 7405 7414 7450 7458 7470 7475 7478 7504 7509 7540 7548 7552 7568 7573 7585 7591 7608 7627 7631 7640 7664 7673 7693 7699 7721 7725 7729 7743 7752 7787 14622 14910 14918 
	}
	manpower=1
	buildings_max_level_factor=1.000
	state_category=town
}
