
state={
	id=64
	name="STATE_64"
	history={
		owner = USA
		add_core_of = USA
	}

	provinces={
		179 184 287 358 855 898 1108 1182 1250 1444 1979 2012 2072 2237 2552 2587 2685 2763 3077 3181 3449 3509 3625 3847 3907 4272 4273 4616 4626 4666 4694 4701 4705 4748 4841 4883 5063 5187 5284 5289 5300 5407 5784 5799 5860 5863 5961 7280 7302 7304 7322 7327 7338 7353 7366 7373 7374 7387 7388 7397 7404 7420 7421 7423 7425 7441 7443 7461 7467 7469 7485 7502 7517 7523 7535 7539 7551 7559 7572 7574 7577 7582 7597 7599 7600 7604 7616 7633 14906 14912 
	}
	manpower=1
	state_category=town
	buildings_max_level_factor=1.000
}
