
state={
	id=65
	name="STATE_65"
	history={
		owner = USA
		add_core_of = USA
	}

	provinces={
		611 678 947 1281 1304 1396 1451 1718 1994 2231 2272 2294 2528 2692 3053 3229 3240 3300 3312 3313 3359 3714 3968 4007 4181 4398 4407 4410 4577 4652 4699 4737 5168 5222 5337 5376 5618 5620 5665 5797 5855 5879 5914 7671 7689 7695 7696 7698 7718 7724 7733 7740 7746 7759 7767 7772 7774 7777 7785 7794 7795 7802 7804 7805 7812 7818 7821 7828 7830 7841 7847 7849 7854 7855 7883 14914 14917 
	}
	manpower=1
	state_category=town
	buildings_max_level_factor=1.000
}
