
state={
	id=66
	name="STATE_66"
	history={
		owner = USA
		add_core_of = USA
	}

	provinces={
		171 272 511 526 853 1190 1225 1279 1296 1355 1874 2091 2111 2175 2273 2305 2420 2787 2797 2990 3044 3074 3301 3515 3523 3543 3729 3735 3779 4071 4099 4126 4159 4162 4211 4292 4318 4453 4560 4581 4600 4833 4869 4958 5173 5212 5264 5469 5562 5578 5629 5639 5859 5910 7560 7570 7581 7584 7589 7590 7593 7601 7605 7611 7617 7618 7630 7645 7651 7654 7658 7663 7669 7677 7680 7684 7685 7686 7692 7701 7709 7710 7714 7715 7719 7720 7736 7745 7755 7756 7760 7766 7768 7769 7770 7776 7781 7786 7788 7810 14916 
	}
	manpower=1
	state_category=town
	buildings_max_level_factor=1.000
}
