
state={
	id=67
	name="STATE_67"
	history={
		owner = USA
		add_core_of = USA
	}

	provinces={
		61 115 197 450 472 547 609 779 795 938 944 945 968 1088 1209 1357 1547 1688 1752 1816 1828 1986 2678 2749 2817 2823 2894 3061 3221 3408 3452 3463 3561 3650 3693 3849 4073 4233 4286 4335 4366 4367 4370 4419 4427 4465 4499 4573 4624 4675 4711 4813 4867 5032 5240 5384 5478 5587 5608 5689 5729 5792 5795 5848 5953 7400 7406 7407 7411 7417 7455 7464 7476 7488 7516 7518 7528 7529 7541 7556 7558 7563 7565 7571 7576 7586 7587 7594 7595 7610 7632 7635 7647 7648 7661 7665 7674 7675 7676 7697 7705 7708 7716 7717 7726 7728 7739 7741 7757 7758 7773 7780 7784 7797 14913 14920 14921 
	}
	manpower=1
	state_category=town
	buildings_max_level_factor=1.000
}
