
state={
	id=68
	name="STATE_68"
	history={
		owner = USA
		add_core_of = USA
	}

	provinces={
		16 221 529 639 644 654 742 789 940 967 970 1021 1407 1412 1413 1442 1512 1540 1581 1732 1747 1761 1955 1963 2200 2229 2278 2280 2367 2433 2477 2525 2595 2604 2630 2844 2870 2903 2927 3014 3023 3117 3136 3137 3266 3281 3356 3388 3422 3513 3602 3617 3628 3634 3858 3959 4093 4096 4102 4182 4243 4493 4742 4792 4862 4933 5011 5182 5346 5370 5387 5652 5690 7394 7399 7409 7410 7415 7424 7438 7446 7465 7468 7479 7480 7497 7510 7511 7515 7525 7531 7534 7555 7579 7583 7613 7620 7628 7659 7660 7679 7687 7688 7702 7703 7722 7735 7737 7747 7748 7753 7761 7763 7765 7779 7798 
	}
	manpower=1
	state_category=town
	buildings_max_level_factor=1.000
}
