state={
	id=70
	name="STATE_70"
	history={
		owner = USA
		add_core_of = USA
	}

	provinces={
		155 219 239 259 313 474 496 621 656 1376 1439 1493 1586 1641 1679 1740 1742 1785 1807 1844 1887 1972 2029 2121 2155 2184 2562 2569 2580 2711 2759 2846 2923 3032 3075 3215 3349 3394 3409 3448 3495 3581 3700 3837 3894 4010 4101 4464 4470 4474 4507 4665 4755 4807 4818 5352 5409 5600 5613 5685 5896 5906 5966 7481 7489 7491 7498 7505 7526 7527 7537 7550 7561 7562 7569 7598 7603 7607 7614 7621 7622 7626 7641 7643 7681 7691 7704 7707 7711 7712 7723 7730 7731 7738 7754 7771 7782 7790 
	}
	manpower=1
	state_category=town
	buildings_max_level_factor=1.000
}
