
state={
	id=73
	name="STATE_73"
	history={
		owner = CUB
		add_core_of = CUB
	}

	provinces={
		201 343 382 522 628 729 928 1096 1125 1195 1240 1363 1791 2129 2628 3112 3267 3678 3710 3753 3812 3885 4030 4343 4378 4449 4514 4631 4642 4793 4891 4901 4932 4946 4974 5045 5078 5110 5234 5408 5412 5425 5501 5557 5586 5616 5794 5815 5819 5955 8581 8589 8602 8603 8605 8608 8610 8611 8614 8617 8622 8623 8624 8626 8628 8629 8630 8633 8636 8637 8639 8641 8649 8653 8654 8657 8660 8661 8662 8663 8667 8668 8671 8674 8681 8682 8687 8689 8692 8693 9619 9620 9621 9624 14942 
	}
	manpower=1
	state_category=town
	buildings_max_level_factor=1.000
}
