
state={
	id=8
	name="STATE_8"
	history={
		owner = CAN
		add_core_of = CAN
	}

	provinces={
		3 45 65 72 110 112 119 121 134 138 145 186 210 223 241 258 264 269 276 291 307 309 321 332 333 339 349 369 377 383 401 407 433 441 464 497 550 567 570 593 629 630 653 657 713 720 732 736 749 750 758 763 767 768 773 786 807 825 833 870 871 901 906 917 932 962 981 1010 1044 1084 1093 1123 1134 1153 1183 1194 1217 1246 1266 1305 1324 1402 1436 1454 1465 1469 1485 1532 1572 1578 1611 1614 1615 1621 1636 1649 1660 1677 1693 1794 1799 1803 1819 1821 1869 1873 1892 1896 1903 1913 1949 1960 1974 2002 2006 2095 2099 2103 2124 2137 2169 2193 2212 2219 2288 2295 2315 2322 2333 2365 2374 2405 2421 2428 2502 2510 2568 2646 2653 2663 2709 2717 2739 2760 2772 2796 2812 2830 2850 2876 2883 2902 2983 2991 3143 3158 3178 3179 3199 3218 3255 3330 3485 3499 3520 3563 3591 3620 3649 3736 3781 3861 3951 3963 4040 4052 4054 4081 4199 4206 4240 4255 4277 4282 4494 4526 4595 4660 4691 4710 4782 4826 4834 4877 4911 5012 5056 5116 5120 5129 5169 5229 5317 5348 5553 5601 5621 5670 5674 5677 5751 5871 5908 5915 5933 6004 6006 6011 6021 6050 6052 6065 6069 6071 6076 6077 6081 6084 6086 6092 6115 6134 6141 6144 6147 6148 6149 6157 6166 6173 6174 6178 6186 6187 6195 6196 6197 6198 6199 6200 6205 6206 6208 6210 6220 6221 6224 6225 6226 6227 6228 6231 6232 6233 6236 6238 6241 6242 6247 6249 6254 6256 6258 6260 6261 6263 6264 6266 9502 9506 14496 14498 14499 14505 14514 14527 14528 14530 14544 14548 14563 14570 14577 14580 14583 14594 14597 14598 14599 14600 14604 14639 14641 14651 14652 14653 14655 14656 14664 14665 14667 14668 14669 14673 14674 14676 14679 14680 14681 14683 14689 14690 14694 14695 14698 14701 14704 14706 14708 14709 14715 14716 14722 14723 14724 14725 14727 14728 14729 14731 14732 14733 14736 14740 14742 14743 14748 
	}
	manpower=1
	state_category=town
	buildings_max_level_factor=1.000
}
