
state={
	id=9
	name="STATE_9"
	history={
		owner = NIC
		add_core_of = NIC
	}

	provinces={
		77 250 586 737 1061 1162 1206 1232 1260 1584 1736 1753 1843 2060 2383 2485 2637 2664 2691 2778 2810 2916 3085 3201 3471 3689 3726 3991 4049 4373 4681 4770 4802 5095 5359 5444 5476 5607 5852 5894 5947 9080 9141 9157 9195 9219 9220 9222 9228 9230 9236 9245 9250 9254 9258 9265 9268 9269 9272 9276 9278 9286 9288 9290 9293 9295 9296 9297 9298 9299 9304 9307 9310 9312 9313 9314 9325 9326 9331 9334 9338 9344 9629 14556 14581 14626 
	}
	manpower=1
	state_category=town
	buildings_max_level_factor=1.000
}
