83;air_base;972.00;10.28;1401.00;3.74;0
83;rocket_site;972.00;10.28;1401.00;3.74;0
83;arms_factory;972.00;10.28;1401.00;3.74;0
7;arms_factory;949.00;9.70;1527.00;1.16;0
7;arms_factory;951.00;9.70;1530.00;5.28;0
7;arms_factory;955.00;9.70;1522.00;0.20;0
7;arms_factory;945.00;9.70;1532.00;3.22;0
7;arms_factory;991.00;13.43;1527.00;5.88;0
7;arms_factory;1005.00;14.35;1531.00;2.26;0
7;industrial_complex;989.00;10.70;1538.00;0.11;0
7;industrial_complex;984.00;11.95;1550.00;1.67;0
7;industrial_complex;989.00;11.95;1555.00;5.79;0
7;industrial_complex;985.00;12.70;1542.00;0.71;0
7;industrial_complex;1005.00;10.55;1538.00;4.83;0
7;industrial_complex;996.00;12.80;1545.00;0.11;0
7;air_base;984.00;11.85;1530.00;2.78;0
7;supply_node;953.00;15.03;1595.00;1.36;0
7;supply_node;964.00;9.82;1545.00;2.84;0
7;supply_node;958.00;10.35;1563.00;5.77;0
7;supply_node;976.00;12.38;1520.00;3.54;0
7;supply_node;1000.00;13.68;1549.00;5.01;0
7;supply_node;995.00;14.40;1572.00;1.67;0
7;supply_node;983.00;12.40;1551.00;4.25;0
7;supply_node;979.00;13.45;1590.00;0.90;0
7;supply_node;998.00;13.98;1522.00;3.84;0
7;supply_node;940.00;9.70;1543.00;0.14;0
7;supply_node;998.00;15.20;1593.00;3.08;0
7;supply_node;952.00;9.70;1527.00;4.56;0
7;supply_node;937.00;10.00;1572.00;2.31;0
7;supply_node;963.00;13.60;1578.00;5.25;0
7;bunker;983.00;9.90;1535.00;0.18;0
7;bunker;960.00;14.23;1599.00;2.84;0
7;bunker;948.00;11.73;1571.00;5.50;0
7;bunker;947.00;9.70;1544.00;2.24;0
7;bunker;959.00;9.85;1540.00;3.45;0
7;bunker;990.00;13.80;1562.00;1.29;0
7;bunker;1003.00;14.00;1551.00;2.85;0
7;bunker;956.00;9.70;1550.00;5.51;0
7;bunker;943.00;10.35;1571.00;1.90;0
7;bunker;990.00;11.75;1537.00;6.02;0
7;bunker;975.00;13.32;1602.00;6.12;0
7;bunker;974.00;12.65;1530.00;3.96;0
7;bunker;987.00;14.30;1593.00;1.80;0
7;bunker;951.00;14.12;1582.00;4.46;0
7;anti_air_building;979.00;14.03;1598.00;6.03;0
7;anti_air_building;996.00;12.82;1510.00;2.41;0
7;anti_air_building;991.00;10.78;1539.00;0.25;0
7;radar_station;968.00;9.70;1557.00;2.04;0
7;rocket_site;981.00;13.15;1519.00;3.52;0
1;arms_factory;819.00;11.75;1691.00;1.73;0
1;arms_factory;826.00;9.70;1610.00;0.78;0
1;arms_factory;850.00;9.70;1620.00;2.34;0
1;arms_factory;824.00;9.70;1667.00;0.18;0
1;arms_factory;804.00;12.30;1689.00;2.84;0
1;industrial_complex;810.00;9.70;1632.00;5.50;0
1;industrial_complex;801.00;12.10;1673.00;2.24;0
1;industrial_complex;856.00;13.00;1624.00;1.29;0
1;industrial_complex;830.00;11.62;1602.00;2.85;0
1;industrial_complex;818.00;12.75;1681.00;5.51;0
1;air_base;838.00;9.70;1628.00;1.90;0
1;naval_base;791.00;9.50;1665.00;-1.77;5530
1;naval_base;826.00;9.70;1597.00;-2.11;4895
1;naval_base;824.00;9.50;1617.00;-2.55;2875
1;naval_base;825.00;9.50;1612.00;-2.76;2875
1;naval_base;800.00;9.50;1644.00;-1.03;2875
1;naval_base;792.00;9.50;1661.00;-1.33;2875
1;naval_base;816.00;9.70;1623.00;-0.20;2875
1;naval_base;805.00;9.50;1633.00;-0.64;2875
1;naval_base;795.00;9.70;1679.00;-1.74;5530
1;bunker;841.00;9.70;1594.00;3.15;0
1;bunker;823.00;9.70;1665.00;6.16;0
1;bunker;814.00;13.53;1685.00;1.09;0
1;bunker;807.00;12.48;1665.00;5.21;0
1;bunker;818.00;9.70;1652.00;1.59;0
1;bunker;836.00;14.65;1670.00;3.15;0
1;bunker;804.00;10.62;1664.00;0.99;0
1;bunker;809.00;9.70;1631.00;3.66;0
1;bunker;830.00;9.70;1652.00;0.04;0
1;bunker;845.00;13.88;1691.00;1.60;0
1;bunker;837.00;9.70;1585.00;5.72;0
1;bunker;824.00;9.70;1654.00;0.65;0
1;bunker;844.00;14.95;1658.00;4.77;0
1;bunker;857.00;9.70;1600.00;0.04;0
1;bunker;822.00;14.12;1691.00;4.17;0
1;bunker;839.00;9.70;1618.00;5.37;0
1;bunker;801.00;10.38;1663.00;3.21;0
1;bunker;846.00;13.00;1642.00;6.23;0
1;bunker;853.00;14.68;1634.00;1.16;0
1;bunker;849.00;9.70;1614.00;5.28;0
1;bunker;865.00;9.70;1606.00;0.55;0
1;bunker;847.00;9.70;1607.00;3.22;0
1;bunker;838.00;9.88;1611.00;5.88;0
1;bunker;861.00;9.70;1612.00;3.73;0
1;bunker;831.00;9.70;1630.00;3.83;0
1;bunker;827.00;9.70;1617.00;1.67;0
1;bunker;803.00;10.55;1677.00;4.33;0
1;bunker;823.00;9.70;1645.00;0.71;0
1;bunker;829.00;9.70;1638.00;3.73;0
1;bunker;809.00;11.40;1657.00;0.11;0
1;bunker;816.00;9.70;1629.00;2.78;0
1;coastal_bunker;799.00;9.50;1646.00;-1.33;0
1;coastal_bunker;835.00;9.50;1623.00;-2.03;0
1;coastal_bunker;828.00;9.50;1600.00;-2.11;0
1;coastal_bunker;793.00;9.70;1668.00;-1.77;0
1;coastal_bunker;820.00;9.50;1606.00;0.24;0
1;coastal_bunker;836.00;9.50;1581.00;-0.79;0
1;coastal_bunker;834.00;9.50;1623.00;-0.59;0
1;coastal_bunker;806.00;9.50;1632.00;-0.64;0
1;coastal_bunker;802.00;9.50;1637.00;-1.03;0
1;coastal_bunker;823.00;9.50;1618.00;-2.55;0
1;coastal_bunker;795.00;9.50;1682.00;-1.74;0
1;coastal_bunker;815.00;9.50;1621.00;-0.20;0
1;coastal_bunker;823.00;9.50;1625.00;0.14;0
1;dockyard;833.00;9.88;1620.00;-2.55;0
1;anti_air_building;842.00;9.70;1589.00;1.39;0
1;anti_air_building;829.00;9.70;1635.00;4.40;0
1;anti_air_building;813.00;9.75;1648.00;0.79;0
1;radar_station;835.00;9.70;1637.00;5.39;0
1;rocket_site;820.00;9.70;1672.00;0.18;0
1;supply_node;798.00;9.70;1668.00;4.38;0
1;supply_node;817.00;9.70;1627.00;4.38;0
1;supply_node;845.00;12.07;1639.00;4.38;0
1;supply_node;835.00;10.45;1655.00;4.38;0
1;supply_node;819.00;9.70;1654.00;4.38;0
1;supply_node;813.00;10.07;1670.00;4.38;0
1;supply_node;865.00;15.90;1617.00;4.38;0
1;supply_node;853.00;12.45;1627.00;4.38;0
1;supply_node;826.00;10.60;1671.00;4.38;0
1;supply_node;800.00;9.95;1681.00;4.38;0
1;supply_node;834.00;9.78;1609.00;4.38;0
1;supply_node;828.00;9.70;1617.00;4.38;0
1;supply_node;836.00;9.70;1588.00;4.38;0
1;supply_node;843.00;13.70;1686.00;4.38;0
1;supply_node;810.00;14.05;1685.00;4.38;0
1;supply_node;824.00;13.65;1686.00;4.38;0
1;supply_node;810.00;9.70;1633.00;4.38;0
1;supply_node;847.00;9.70;1613.00;4.38;0
1;supply_node;840.00;9.70;1619.00;4.38;0
1;supply_node;818.00;9.70;1640.00;4.38;0
1;supply_node;805.00;9.70;1642.00;4.38;0
1;supply_node;810.00;10.98;1654.00;4.38;0
1;supply_node;844.00;9.70;1595.00;4.38;0
1;supply_node;850.00;9.70;1605.00;4.38;0
1;supply_node;831.00;9.70;1597.00;4.38;0
1;supply_node;822.00;9.70;1608.00;4.38;0
1;supply_node;827.00;9.70;1650.00;4.38;0
1;supply_node;832.00;9.70;1638.00;4.38;0
1;supply_node;800.00;9.70;1655.00;4.38;0
1;supply_node;842.00;14.20;1673.00;4.38;0
1;supply_node;826.00;9.70;1631.00;4.38;0
1;supply_node;846.00;14.98;1657.00;4.38;0
1;supply_node;861.00;9.70;1607.00;4.38;0
1;supply_node;855.00;9.70;1598.00;4.38;0
1;supply_node;837.00;9.70;1629.00;4.38;0
1;naval_base;834.00;9.50;1624.00;-0.59;2875
1;naval_base;836.00;9.50;1581.00;-0.79;2652
1;naval_base;823.00;9.70;1626.00;0.14;2875
1;naval_base;835.00;9.50;1621.00;-2.03;2875
1;bunker;829.00;9.70;1606.00;2.10;0
1;bunker;807.00;9.70;1647.00;2.10;0
1;bunker;832.00;9.70;1594.00;2.10;0
1;bunker;837.00;9.70;1629.00;2.10;0
4;arms_factory;910.00;12.90;1614.00;3.81;0
4;arms_factory;910.00;12.90;1614.00;3.81;0
4;arms_factory;910.00;12.90;1614.00;3.81;0
4;arms_factory;910.00;12.90;1614.00;3.81;0
4;arms_factory;910.00;12.90;1614.00;3.81;0
4;industrial_complex;910.00;12.90;1614.00;3.81;0
4;industrial_complex;910.00;12.90;1614.00;3.81;0
4;industrial_complex;910.00;12.90;1614.00;3.81;0
4;industrial_complex;910.00;12.90;1614.00;3.81;0
4;industrial_complex;910.00;12.90;1614.00;3.81;0
4;air_base;910.00;12.90;1614.00;3.81;0
4;supply_node;900.00;14.25;1682.00;5.10;0
4;supply_node;883.00;14.50;1622.00;5.10;0
4;supply_node;872.00;15.05;1638.00;5.10;0
4;supply_node;878.00;12.85;1663.00;5.10;0
4;supply_node;915.00;12.85;1590.00;5.10;0
4;supply_node;912.00;13.93;1625.00;5.10;0
4;supply_node;925.00;14.40;1675.00;5.10;0
4;supply_node;901.00;15.12;1659.00;5.10;0
4;supply_node;929.00;11.32;1613.00;5.10;0
4;supply_node;859.00;13.73;1669.00;5.10;0
4;supply_node;926.00;15.80;1644.00;5.10;0
4;supply_node;867.00;14.32;1685.00;5.10;0
4;supply_node;894.00;15.18;1638.00;5.10;0
4;supply_node;903.00;11.53;1604.00;5.10;0
4;supply_node;923.00;11.10;1580.00;5.10;0
4;supply_node;927.00;10.18;1595.00;5.10;0
4;supply_node;860.00;15.90;1638.00;5.10;0
4;supply_node;859.00;14.60;1654.00;5.10;0
4;bunker;910.00;12.90;1614.00;3.81;0
4;bunker;883.00;13.03;1659.00;3.81;0
4;bunker;907.00;14.32;1667.00;3.81;0
4;bunker;925.00;14.98;1673.00;3.81;0
4;bunker;854.00;14.15;1683.00;3.81;0
4;bunker;921.00;11.73;1593.00;3.81;0
4;bunker;915.00;12.32;1607.00;3.81;0
4;bunker;896.00;13.65;1620.00;3.81;0
4;bunker;930.00;10.40;1601.00;3.81;0
4;bunker;918.00;13.80;1602.00;3.81;0
4;bunker;917.00;15.95;1651.00;3.81;0
4;bunker;869.00;15.93;1635.00;3.81;0
4;bunker;856.00;14.30;1648.00;3.81;0
4;bunker;913.00;15.00;1687.00;3.81;0
4;bunker;861.00;13.32;1670.00;3.81;0
4;bunker;928.00;9.70;1573.00;3.81;0
4;bunker;866.00;13.57;1651.00;3.81;0
4;bunker;897.00;14.15;1630.00;3.81;0
4;rocket_site;910.00;12.90;1614.00;3.81;0
4;radar_station;895.00;14.35;1632.00;5.10;0
6;anti_air_building;972.00;18.00;1640.00;1.75;0
6;anti_air_building;972.00;18.00;1640.00;1.75;0
6;anti_air_building;972.00;18.00;1640.00;1.75;0
66;rocket_site;995.00;9.70;1454.00;2.47;0
66;radar_station;964.00;9.70;1486.00;3.15;0
66;anti_air_building;995.00;9.70;1454.00;2.47;0
66;anti_air_building;995.00;9.70;1454.00;2.47;0
66;anti_air_building;995.00;9.70;1454.00;2.47;0
66;air_base;995.00;9.70;1454.00;2.47;0
68;air_base;1037.00;13.90;1497.00;1.52;0
10;air_base;1192.00;9.70;1522.00;1.66;0
9;air_base;1185.00;9.70;1553.00;5.27;0
16;air_base;1162.00;9.78;1620.00;4.33;0
11;air_base;1103.00;13.23;1650.00;4.32;0
17;air_base;1088.00;13.32;1677.00;0.71;0
13;air_base;1016.00;15.30;1691.00;2.26;0
15;air_base;1169.00;9.70;1741.00;2.76;0
14;air_base;1133.00;9.70;1807.00;0.10;0
22;air_base;1195.00;9.75;1725.00;1.82;0
56;air_base;1147.00;9.70;1931.00;1.35;0
57;air_base;1038.00;9.70;1973.00;1.46;0
58;air_base;918.00;10.70;1921.00;5.58;0
61;air_base;793.00;9.70;2239.00;6.18;0
62;air_base;1106.00;9.70;2191.00;4.02;0
64;air_base;1165.00;9.70;2392.00;3.07;0
63;air_base;1526.00;9.70;2150.00;0.41;0
54;air_base;1501.00;9.70;2027.00;0.85;0
53;air_base;1657.00;9.73;1955.00;4.47;0
52;air_base;1616.00;9.70;1757.00;1.45;0
50;air_base;1656.00;9.70;1757.00;2.40;0
43;air_base;1521.00;9.70;1738.00;3.35;0
48;air_base;1546.00;11.20;1747.00;3.00;0
44;air_base;1544.00;9.70;1699.00;6.01;0
45;air_base;1541.00;9.70;1687.00;2.40;0
46;air_base;1514.00;9.70;1687.00;3.96;0
38;air_base;1483.00;11.00;1681.00;0.78;0
41;air_base;1500.00;9.70;1658.00;5.41;0
40;air_base;1455.00;9.70;1645.00;1.29;0
34;air_base;1404.00;15.35;1604.00;4.90;0
33;air_base;1397.00;11.05;1628.00;0.78;0
32;air_base;1373.00;9.82;1665.00;4.39;0
31;air_base;1337.00;9.70;1705.00;1.73;0
29;air_base;1275.00;9.70;1717.00;2.33;0
55;air_base;1342.00;9.70;1891.00;3.51;0
59;air_base;723.00;10.43;2047.00;1.96;0
60;air_base;717.00;13.53;2113.00;6.08;0
3;air_base;812.00;9.70;1784.00;1.14;0
5;air_base;923.00;13.10;1783.00;0.55;0
2;air_base;880.00;12.80;1722.00;4.76;0
51;air_base;903.00;12.43;1575.00;5.07;0
65;air_base;948.00;13.20;1454.00;6.09;0
80;air_base;1036.00;16.02;1445.00;2.04;0
67;air_base;1011.00;9.70;1419.00;5.13;0
81;air_base;1130.00;9.70;1450.00;4.70;0
78;air_base;1137.00;13.43;1385.00;4.09;0
82;air_base;1111.00;14.45;1401.00;2.54;0
77;air_base;1113.00;14.43;1346.00;6.25;0
79;air_base;1141.00;13.55;1347.00;0.47;0
76;air_base;1090.00;9.70;1302.00;5.05;0
74;air_base;1211.00;9.70;1275.00;4.19;0
73;air_base;1232.00;10.75;1270.00;1.52;0
72;air_base;1256.00;9.70;1289.00;5.14;0
70;air_base;1282.00;9.70;1294.00;5.74;0
71;air_base;1298.00;9.70;1300.00;3.58;0
69;air_base;1299.00;9.70;1344.00;4.54;0
75;air_base;1202.00;9.70;1292.00;2.03;0
18;air_base;1244.00;9.70;1501.00;4.83;0
25;air_base;1299.00;9.70;1494.00;5.34;0
24;air_base;1310.00;9.70;1538.00;1.22;0
36;air_base;1364.00;9.70;1544.00;2.84;0
23;air_base;1412.00;9.70;1432.00;4.84;0
37;air_base;1397.00;9.70;1571.00;5.50;0
35;air_base;1379.00;10.85;1575.00;5.00;0
27;air_base;1360.00;9.95;1616.00;3.28;0
26;air_base;1340.00;10.20;1587.00;0.26;0
19;air_base;1237.00;9.70;1549.00;1.21;0
20;air_base;1279.00;9.70;1606.00;2.77;0
28;air_base;1314.00;9.70;1658.00;5.95;0
21;air_base;1211.00;9.70;1707.00;0.61;0
42;air_base;1436.00;12.23;1700.00;5.51;0
47;air_base;1599.00;9.70;1747.00;1.80;0
39;air_base;1487.00;9.70;1637.00;3.45;0
84;air_base;2623.00;9.70;2004.00;0.48;0
12;air_base;969.00;12.35;1791.00;1.06;0
8;air_base;1070.00;13.45;1518.00;2.61;0
8;rocket_site;1070.00;13.45;1518.00;2.61;0
68;rocket_site;1037.00;13.90;1497.00;1.52;0
17;rocket_site;1088.00;13.32;1677.00;0.71;0
21;rocket_site;1211.00;9.70;1707.00;0.61;0
29;rocket_site;1275.00;9.70;1717.00;2.33;0
31;rocket_site;1337.00;9.70;1705.00;1.73;0
55;rocket_site;1342.00;9.70;1891.00;3.51;0
54;rocket_site;1501.00;9.70;2027.00;0.85;0
53;rocket_site;1657.00;9.73;1955.00;4.47;0
69;rocket_site;1299.00;9.70;1344.00;4.54;0
71;rocket_site;1298.00;9.70;1300.00;3.58;0
70;rocket_site;1282.00;9.70;1294.00;5.74;0
73;rocket_site;1232.00;10.75;1270.00;1.52;0
72;rocket_site;1256.00;9.70;1289.00;5.14;0
74;rocket_site;1211.00;9.70;1275.00;4.19;0
75;rocket_site;1202.00;9.70;1292.00;2.03;0
76;rocket_site;1090.00;9.70;1302.00;5.05;0
79;rocket_site;1141.00;13.55;1347.00;0.47;0
77;rocket_site;1113.00;14.43;1346.00;6.25;0
82;rocket_site;1111.00;14.45;1401.00;2.54;0
78;rocket_site;1137.00;13.43;1385.00;4.09;0
81;rocket_site;1130.00;9.70;1450.00;4.70;0
80;rocket_site;1036.00;16.02;1445.00;2.04;0
67;rocket_site;1011.00;9.70;1419.00;5.13;0
10;rocket_site;1192.00;9.70;1522.00;1.66;0
65;rocket_site;948.00;13.20;1454.00;6.09;0
51;rocket_site;903.00;12.43;1575.00;5.07;0
6;rocket_site;972.00;18.00;1640.00;1.75;0
11;rocket_site;1103.00;13.23;1650.00;4.32;0
9;rocket_site;1185.00;9.70;1553.00;5.27;0
16;rocket_site;1162.00;9.78;1620.00;4.33;0
15;rocket_site;1169.00;9.70;1741.00;2.76;0
14;rocket_site;1133.00;9.70;1807.00;0.10;0
13;rocket_site;1016.00;15.30;1691.00;2.26;0
12;rocket_site;969.00;12.35;1791.00;1.06;0
5;rocket_site;923.00;13.10;1783.00;0.55;0
2;rocket_site;880.00;12.80;1722.00;4.76;0
3;rocket_site;812.00;9.70;1784.00;1.14;0
59;rocket_site;723.00;10.43;2047.00;1.96;0
60;rocket_site;717.00;13.53;2113.00;6.08;0
61;rocket_site;793.00;9.70;2239.00;6.18;0
58;rocket_site;918.00;10.70;1921.00;5.58;0
57;rocket_site;1038.00;9.70;1973.00;1.46;0
56;rocket_site;1147.00;9.70;1931.00;1.35;0
62;rocket_site;1106.00;9.70;2191.00;4.02;0
52;rocket_site;1616.00;9.70;1757.00;1.45;0
50;rocket_site;1656.00;9.70;1757.00;2.40;0
63;rocket_site;1526.00;9.70;2150.00;0.41;0
64;rocket_site;1165.00;9.70;2392.00;3.07;0
47;rocket_site;1599.00;9.70;1747.00;1.80;0
48;rocket_site;1546.00;11.20;1747.00;3.00;0
43;rocket_site;1521.00;9.70;1738.00;3.35;0
42;rocket_site;1436.00;12.23;1700.00;5.51;0
44;rocket_site;1544.00;9.70;1699.00;6.01;0
45;rocket_site;1541.00;9.70;1687.00;2.40;0
46;rocket_site;1514.00;9.70;1687.00;3.96;0
41;rocket_site;1500.00;9.70;1658.00;5.41;0
38;rocket_site;1483.00;11.00;1681.00;0.78;0
32;rocket_site;1373.00;9.82;1665.00;4.39;0
22;rocket_site;1195.00;9.75;1725.00;1.82;0
20;rocket_site;1279.00;9.70;1606.00;2.77;0
28;rocket_site;1314.00;9.70;1658.00;5.95;0
30;rocket_site;1327.00;9.70;1673.00;0.17;0
33;rocket_site;1397.00;11.05;1628.00;0.78;0
34;rocket_site;1404.00;15.35;1604.00;4.90;0
40;rocket_site;1455.00;9.70;1645.00;1.29;0
39;rocket_site;1487.00;9.70;1637.00;3.45;0
35;rocket_site;1379.00;10.85;1575.00;5.00;0
26;rocket_site;1340.00;10.20;1587.00;0.26;0
19;rocket_site;1237.00;9.70;1549.00;1.21;0
18;rocket_site;1244.00;9.70;1501.00;4.83;0
25;rocket_site;1299.00;9.70;1494.00;5.34;0
24;rocket_site;1310.00;9.70;1538.00;1.22;0
36;rocket_site;1364.00;9.70;1544.00;2.84;0
23;rocket_site;1412.00;9.70;1432.00;4.84;0
37;rocket_site;1397.00;9.70;1571.00;5.50;0
27;rocket_site;1360.00;9.95;1616.00;3.28;0
84;rocket_site;2623.00;9.70;2004.00;0.48;0